000100 100110 110000 010100 011110 001010 010001 space 101100 110010 010110 101111 101001 000100 100110 011101 100010 111010 space 101100 110011 111000 100010 
100001 010100 111000 100010 101110 space 010110 001110 111010 101100 001110 101110 100100 111010 space 100010 101000 space 101110 010110 010001 101000 
110010 010100 011111 111000 001110 111010 010011 
100010 100001 001110 110111 001110 space 010100 011111 001110 111000 100100 010000 space 010110 001110 111100 010110 101110 space 101010 
010110 001110 111010 101100 001110 101110 010100 111010 space 101100 011110 space 100110 100010 100101 space 011100 001110 110111 010110 
110000 010100 000100 100101 110000 100010 space 011110 001110 100110 100010 111010 space 000100 111100 111010 001110 000100 011101 101111 001110 000100 101110 101110 
110000 010100 000100 011100 011110 001110 111010 space 101000 111010 011110 100010 space 110000 000100 011101 101111 
111100 111010 010100 101000 011111 space 100001 010100 111000 010011 
000100 100110 110000 010100 011110 001010 010001 space 110000 010100 000100 100101 111000 space 101111 101001 000100 100110 011101 010000 
101111 001110 space 110000 010100 000100 100101 110000 101000 100010 space 011100 101001 011101 101001 space 111110 011110 010100 001001 
000100 110110 111010 000100 011100 011110 010100 space 101000 111010 100010 101110 100100 space 100000 111010 100010 100001 010100 111000 
110000 001110 101000 111010 101001 000100 100110 011101 010011 
